QUICk SORT

--------------------------------------------------------

[50, 23, 84, 49, 71, 15, 99, 62, 36, 7]
 p                         

< [23, 49, 15, 36, 7] '[50]' [84, 71, 99, 62] >

--------------------------------------------------------

[23, 49, 15, 36, 7] [50] [84, 71, 99, 62]
 p                         

< [15, 7] '[23]' [49, 36] > [50] [84, 71 99, 62]

--------------------------------------------------------

[15, 7] [23] [49, 36] [50] [84, 71 99, 62]
                            p

[15, 7] [23] [49, 36] [50] < [71, 62] '[84]' [99] >

--------------------------------------------------------

[15, 7] [23] [49, 36] [50] [71, 62] [84] [99]
 p


< [7] '[15]' > [23]  [49, 36] [50] [71, 62] [84] [99]

left : 1
right : 0 
done;

--------------------------------------------------------

[7] [15] [23] [49, 36] [50] [71, 62] [84] [99]
               p

[7] [15] [23] < [36] '[49]' > [50] [71, 62] [84] [99]

left : 1
right : 0 
done;

--------------------------------------------------------

[7] [15] [23] [36] [49] [50] [71, 62] [84] [99]
                              p

[7] [15] [23] [36] [49] [50] < [62] '[71]' > [84] [99]

left : 1
right : 0 
done;

--------------------------------------------------------

SORTED

[7, 15, 23, 36, 49, 50, 62, 71, 84, 99]